0000
FFFE
FFFF
0001
0002
0000
FFFE
FFFF
0001
0002
0000
FFFE
FFFF
0001
0002
0000
FFFE
FFFF
0001
0002
0000
FFFE
FFFF
0001
0002
0000
FFFE
FFFF
0001
0002
0000
FFFE
FFFF
0001
0002
0000
FFFE
FFFF
0001
0002
0000
FFFE
FFFF
0001
0002
0000
FFFE
FFFF
0001
0002
0000
FFFE
FFFF
0001
0002
0000
FFFE
FFFE
0002
0003
0000
FFFD
FFFE
0002
0003
0000
FFFD
FFFE
0002
0003
0000
FFFD
FFFE
0002
0003
0000
FFFD
FFFE
0002
0003
0000
FFFD
FFFE
0002
0003
0000
FFFD
FFFE
0002
0004
0000
FFFC
FFFE
0002
0004
0000
FFFC
FFFE
0003
0004
0000
FFFC
FFFD
0003
0004
0000
FFFC
FFFD
0003
0005
0000
FFFB
FFFD
0003
0005
0000
FFFB
FFFD
0003
0005
0000
FFFB
FFFD
0003
0006
0000
FFFA
FFFC
0004
0006
0000
FFFA
FFFC
0004
0006
0000
FFFA
FFFC
0004
0007
0000
FFF9
FFFC
0004
0007
0000
FFF9
FFFB
0005
0008
0000
FFF8
FFFB
0005
0008
0000
FFF8
FFFB
0005
0008
0000
FFF7
FFFB
0005
0009
0000
FFF7
FFFA
0006
0009
0000
FFF6
FFFA
0006
000A
0000
FFF6
FFFA
0006
000B
0000
FFF5
FFF9
0007
000B
0000
FFF5
FFF9
0007
000C
0000
FFF4
FFF9
0008
000C
0000
FFF3
FFF8
0008
000D
0000
FFF3
FFF8
0008
000E
0000
FFF2
FFF7
0009
000E
0000
FFF1
FFF7
0009
000F
0000
FFF1
FFF6
000A
0010
0000
FFF0
FFF6
000A
0011
0000
FFEF
FFF5
000B
0012
0000
FFEE
FFF5
000B
0012
0000
FFED
FFF4
000C
0013
0000
FFEC
FFF4
000C
0014
0000
FFEB
FFF3
000D
0015
0000
FFEA
FFF3
000E
0016
0000
FFE9
FFF2
000E
0017
0000
FFE8
FFF1
000F
0018
0000
FFE7
FFF0
0010
001A
0000
FFE6
FFF0
0010
001B
0000
FFE5
FFEF
0011
001C
0000
FFE4
FFEE
0012
001D
0000
FFE2
FFED
0013
001F
0000
FFE1
FFED
0014
0020
0000
FFDF
FFEC
0015
0022
0000
FFDE
FFEB
0015
0023
0000
FFDC
FFEA
0016
0025
0000
FFDB
FFE9
0018
0026
0000
FFD9
FFE8
0019
0028
0000
FFD7
FFE6
001A
002A
0000
FFD5
FFE5
001B
002C
0000
FFD3
FFE4
001C
002E
0000
FFD1
FFE3
001E
0030
0000
FFCF
FFE1
001F
0033
0000
FFCC
FFE0
0020
0035
0000
FFCA
FFDE
0022
0038
0000
FFC7
FFDD
0024
003A
0000
FFC4
FFDB
0026
003D
0000
FFC1
FFD9
0028
0041
0000
FFBE
FFD7
002A
0044
0000
FFBB
FFD5
002C
0048
0000
FFB7
FFD2
002E
004C
0000
FFB3
FFD0
0031
0050
0000
FFAE
FFCD
0034
0054
0000
FFAA
FFCA
0037
0059
0000
FFA4
FFC7
003A
005F
0000
FF9F
FFC3
003E
0065
0000
FF98
FFBF
0042
006C
0000
FF91
FFBB
0046
0073
0000
FF89
FFB6
004B
007C
0000
FF80
FFB0
0051
0085
0000
FF76
FFAA
0058
0090
0000
FF6B
FFA2
005F
009D
0000
FF5D
FF99
0068
00AC
0000
FF4D
FF8F
0073
00BE
0000
FF3A
FF83
0080
00D4
0000
FF22
FF74
0090
00EE
0000
FF05
FF61
00A4
0110
0000
FEDF
FF48
00BE
013D
0000
FEAD
FF27
00E2
017B
0000
FE65
FEF7
0115
01D7
0000
FDF8
FEAC
0168
026B
0000
FD3D
FE29
01FE
0385
0000
FBB3
FD02
036C
0675
0000
F650
F804
0BFA
26C0
3334
26C0
0BFA
F804
F650
0000
0675
036C
FD02
FBB3
0000
0385
01FE
FE29
FD3D
0000
026B
0168
FEAC
FDF8
0000
01D7
0115
FEF7
FE65
0000
017B
00E2
FF27
FEAD
0000
013D
00BE
FF48
FEDF
0000
0110
00A4
FF61
FF05
0000
00EE
0090
FF74
FF22
0000
00D4
0080
FF83
FF3A
0000
00BE
0073
FF8F
FF4D
0000
00AC
0068
FF99
FF5D
0000
009D
005F
FFA2
FF6B
0000
0090
0058
FFAA
FF76
0000
0085
0051
FFB0
FF80
0000
007C
004B
FFB6
FF89
0000
0073
0046
FFBB
FF91
0000
006C
0042
FFBF
FF98
0000
0065
003E
FFC3
FF9F
0000
005F
003A
FFC7
FFA4
0000
0059
0037
FFCA
FFAA
0000
0054
0034
FFCD
FFAE
0000
0050
0031
FFD0
FFB3
0000
004C
002E
FFD2
FFB7
0000
0048
002C
FFD5
FFBB
0000
0044
002A
FFD7
FFBE
0000
0041
0028
FFD9
FFC1
0000
003D
0026
FFDB
FFC4
0000
003A
0024
FFDD
FFC7
0000
0038
0022
FFDE
FFCA
0000
0035
0020
FFE0
FFCC
0000
0033
001F
FFE1
FFCF
0000
0030
001E
FFE3
FFD1
0000
002E
001C
FFE4
FFD3
0000
002C
001B
FFE5
FFD5
0000
002A
001A
FFE6
FFD7
0000
0028
0019
FFE8
FFD9
0000
0026
0018
FFE9
FFDB
0000
0025
0016
FFEA
FFDC
0000
0023
0015
FFEB
FFDE
0000
0022
0015
FFEC
FFDF
0000
0020
0014
FFED
FFE1
0000
001F
0013
FFED
FFE2
0000
001D
0012
FFEE
FFE4
0000
001C
0011
FFEF
FFE5
0000
001B
0010
FFF0
FFE6
0000
001A
0010
FFF0
FFE7
0000
0018
000F
FFF1
FFE8
0000
0017
000E
FFF2
FFE9
0000
0016
000E
FFF3
FFEA
0000
0015
000D
FFF3
FFEB
0000
0014
000C
FFF4
FFEC
0000
0013
000C
FFF4
FFED
0000
0012
000B
FFF5
FFEE
0000
0012
000B
FFF5
FFEF
0000
0011
000A
FFF6
FFF0
0000
0010
000A
FFF6
FFF1
0000
000F
0009
FFF7
FFF1
0000
000E
0009
FFF7
FFF2
0000
000E
0008
FFF8
FFF3
0000
000D
0008
FFF8
FFF3
0000
000C
0008
FFF9
FFF4
0000
000C
0007
FFF9
FFF5
0000
000B
0007
FFF9
FFF5
0000
000B
0006
FFFA
FFF6
0000
000A
0006
FFFA
FFF6
0000
0009
0006
FFFA
FFF7
0000
0009
0005
FFFB
FFF7
0000
0008
0005
FFFB
FFF8
0000
0008
0005
FFFB
FFF8
0000
0008
0005
FFFB
FFF9
0000
0007
0004
FFFC
FFF9
0000
0007
0004
FFFC
FFFA
0000
0006
0004
FFFC
FFFA
0000
0006
0004
FFFC
FFFA
0000
0006
0003
FFFD
FFFB
0000
0005
0003
FFFD
FFFB
0000
0005
0003
FFFD
FFFB
0000
0005
0003
FFFD
FFFC
0000
0004
0003
FFFD
FFFC
0000
0004
0003
FFFE
FFFC
0000
0004
0002
FFFE
FFFC
0000
0004
0002
FFFE
FFFD
0000
0003
0002
FFFE
FFFD
0000
0003
0002
FFFE
FFFD
0000
0003
0002
FFFE
FFFD
0000
0003
0002
FFFE
FFFD
0000
0003
0002
FFFE
FFFD
0000
0003
0002
FFFE
FFFE
0000
0002
0001
FFFF
FFFE
0000
0002
0001
FFFF
FFFE
0000
0002
0001
FFFF
FFFE
0000
0002
0001
FFFF
FFFE
0000
0002
0001
FFFF
FFFE
0000
0002
0001
FFFF
FFFE
0000
0002
0001
FFFF
FFFE
0000
0002
0001
FFFF
FFFE
0000
0002
0001
FFFF
FFFE
0000
0002
0001
FFFF
FFFE
0000
0002
0001
FFFF
FFFE
0000
0000
0000
0000
0000
0000
0000
0000
0000
0000
0000
0000
0000
0000
0000
0000
0000
0000
0000
0000
0000
0000
0000
0000
0000
FFFF
FFFE
FFFE
FFFF
0000
0001
0002
0002
0001
0000
FFFF
FFFE
FFFE
FFFF
0000
0001
0002
0002
0001
0000
FFFF
FFFE
FFFE
FFFF
0000
0001
0002
0002
0001
0000
FFFF
FFFE
FFFE
FFFF
0000
0001
0002
0002
0001
0000
FFFF
FFFE
FFFE
FFFF
0000
0001
0002
0002
0001
0000
FFFF
FFFE
FFFE
FFFF
0000
0001
0002
0002
0002
0000
FFFE
FFFD
FFFD
FFFE
0000
0002
0003
0003
0002
0000
FFFE
FFFD
FFFD
FFFE
0000
0002
0003
0003
0002
0000
FFFE
FFFD
FFFD
FFFE
0000
0002
0004
0004
0002
0000
FFFE
FFFC
FFFC
FFFE
0000
0002
0004
0004
0003
0000
FFFD
FFFC
FFFC
FFFD
0000
0003
0005
0005
0003
0000
FFFD
FFFB
FFFB
FFFD
0000
0003
0005
0005
0003
0000
FFFD
FFFB
FFFA
FFFD
0000
0004
0006
0006
0004
0000
FFFC
FFFA
FFFA
FFFC
0000
0004
0007
0007
0004
0000
FFFC
FFF9
FFF9
FFFC
0000
0005
0007
0007
0005
0000
FFFB
FFF8
FFF8
FFFB
0000
0005
0008
0008
0005
0000
FFFB
FFF7
FFF7
FFFA
0000
0006
0009
0009
0006
0000
FFFA
FFF6
FFF6
FFFA
0000
0006
000A
000A
0007
0000
FFF9
FFF5
FFF5
FFF9
0000
0007
000B
000C
0007
0000
FFF9
FFF4
FFF4
FFF8
0000
0008
000D
000D
0008
0000
FFF8
FFF3
FFF2
FFF8
0000
0009
000E
000E
0009
0000
FFF7
FFF1
FFF1
FFF7
0000
000A
0010
0010
000A
0000
FFF6
FFF0
FFEF
FFF6
0000
000B
0011
0011
000B
0000
FFF5
FFEE
FFEE
FFF5
0000
000C
0013
0013
000C
0000
FFF4
FFEC
FFEC
FFF3
0000
000D
0015
0015
000D
0000
FFF3
FFEA
FFEA
FFF2
0000
000E
0017
0017
000E
0000
FFF1
FFE8
FFE8
FFF1
0000
000F
0019
0019
0010
0000
FFF0
FFE6
FFE6
FFEF
0000
0011
001B
001C
0011
0000
FFEE
FFE3
FFE3
FFEE
0000
0012
001E
001E
0013
0000
FFED
FFE1
FFE0
FFEC
0000
0014
0021
0021
0015
0000
FFEB
FFDE
FFDD
FFEA
0000
0016
0024
0024
0017
0000
FFE9
FFDA
FFDA
FFE8
0000
0018
0027
0028
0019
0000
FFE7
FFD7
FFD6
FFE6
0000
001A
002B
002C
001B
0000
FFE4
FFD3
FFD2
FFE3
0000
001D
002F
0030
001E
0000
FFE2
FFCE
FFCE
FFE1
0000
0020
0034
0035
0021
0000
FFDF
FFC9
FFC9
FFDE
0000
0023
0039
003A
0024
0000
FFDB
FFC4
FFC3
FFDA
0000
0027
003F
0040
0028
0000
FFD7
FFBD
FFBD
FFD6
0000
002B
0046
0047
002C
0000
FFD3
FFB6
FFB5
FFD1
0000
0030
004E
004F
0031
0000
FFCE
FFAD
FFAD
FFCC
0000
0035
0057
0058
0037
0000
FFC7
FFA3
FFA2
FFC5
0000
003C
0063
0064
003E
0000
FFC0
FF97
FF96
FFBD
0000
0044
0070
0072
0047
0000
FFB7
FF88
FF86
FFB3
0000
004F
0081
0083
0052
0000
FFAB
FF74
FF72
FFA7
0000
005C
0098
009B
0061
0000
FF9B
FF5A
FF57
FF96
0000
006F
00B6
00BA
0075
0000
FF86
FF36
FF31
FF7D
0000
0089
00E3
00E8
0093
0000
FF65
FEFE
FEF7
FF58
0000
00B2
012A
0133
00C4
0000
FF2E
FEA0
FE93
FF16
0000
00FE
01AD
01C1
0123
0000
FEBE
FDDA
FDBA
FE82
0000
01B5
02FA
033A
022D
0000
FD57
FB29
FA77
FC02
0000
05FD
0CEB
1361
17F4
199B
17F4
1361
0CEB
05FD
0000
FC02
FA77
FB29
FD57
0000
022D
033A
02FA
01B5
0000
FE82
FDBA
FDDA
FEBE
0000
0123
01C1
01AD
00FE
0000
FF16
FE93
FEA0
FF2E
0000
00C4
0133
012A
00B2
0000
FF58
FEF7
FEFE
FF65
0000
0093
00E8
00E3
0089
0000
FF7D
FF31
FF36
FF86
0000
0075
00BA
00B6
006F
0000
FF96
FF57
FF5A
FF9B
0000
0061
009B
0098
005C
0000
FFA7
FF72
FF74
FFAB
0000
0052
0083
0081
004F
0000
FFB3
FF86
FF88
FFB7
0000
0047
0072
0070
0044
0000
FFBD
FF96
FF97
FFC0
0000
003E
0064
0063
003C
0000
FFC5
FFA2
FFA3
FFC7
0000
0037
0058
0057
0035
0000
FFCC
FFAD
FFAD
FFCE
0000
0031
004F
004E
0030
0000
FFD1
FFB5
FFB6
FFD3
0000
002C
0047
0046
002B
0000
FFD6
FFBD
FFBD
FFD7
0000
0028
0040
003F
0027
0000
FFDA
FFC3
FFC4
FFDB
0000
0024
003A
0039
0023
0000
FFDE
FFC9
FFC9
FFDF
0000
0021
0035
0034
0020
0000
FFE1
FFCE
FFCE
FFE2
0000
001E
0030
002F
001D
0000
FFE3
FFD2
FFD3
FFE4
0000
001B
002C
002B
001A
0000
FFE6
FFD6
FFD7
FFE7
0000
0019
0028
0027
0018
0000
FFE8
FFDA
FFDA
FFE9
0000
0017
0024
0024
0016
0000
FFEA
FFDD
FFDE
FFEB
0000
0015
0021
0021
0014
0000
FFEC
FFE0
FFE1
FFED
0000
0013
001E
001E
0012
0000
FFEE
FFE3
FFE3
FFEE
0000
0011
001C
001B
0011
0000
FFEF
FFE6
FFE6
FFF0
0000
0010
0019
0019
000F
0000
FFF1
FFE8
FFE8
FFF1
0000
000E
0017
0017
000E
0000
FFF2
FFEA
FFEA
FFF3
0000
000D
0015
0015
000D
0000
FFF3
FFEC
FFEC
FFF4
0000
000C
0013
0013
000C
0000
FFF5
FFEE
FFEE
FFF5
0000
000B
0011
0011
000B
0000
FFF6
FFEF
FFF0
FFF6
0000
000A
0010
0010
000A
0000
FFF7
FFF1
FFF1
FFF7
0000
0009
000E
000E
0009
0000
FFF8
FFF2
FFF3
FFF8
0000
0008
000D
000D
0008
0000
FFF8
FFF4
FFF4
FFF9
0000
0007
000C
000B
0007
0000
FFF9
FFF5
FFF5
FFF9
0000
0007
000A
000A
0006
0000
FFFA
FFF6
FFF6
FFFA
0000
0006
0009
0009
0006
0000
FFFA
FFF7
FFF7
FFFB
0000
0005
0008
0008
0005
0000
FFFB
FFF8
FFF8
FFFB
0000
0005
0007
0007
0005
0000
FFFC
FFF9
FFF9
FFFC
0000
0004
0007
0007
0004
0000
FFFC
FFFA
FFFA
FFFC
0000
0004
0006
0006
0004
0000
FFFD
FFFA
FFFB
FFFD
0000
0003
0005
0005
0003
0000
FFFD
FFFB
FFFB
FFFD
0000
0003
0005
0005
0003
0000
FFFD
FFFC
FFFC
FFFD
0000
0003
0004
0004
0002
0000
FFFE
FFFC
FFFC
FFFE
0000
0002
0004
0004
0002
0000
FFFE
FFFD
FFFD
FFFE
0000
0002
0003
0003
0002
0000
FFFE
FFFD
FFFD
FFFE
0000
0002
0003
0003
0002
0000
FFFE
FFFD
FFFD
FFFE
0000
0002
0002
0002
0001
0000
FFFF
FFFE
FFFE
FFFF
0000
0001
0002
0002
0001
0000
FFFF
FFFE
FFFE
FFFF
0000
0001
0002
0002
0001
0000
FFFF
FFFE
FFFE
FFFF
0000
0001
0002
0002
0001
0000
FFFF
FFFE
FFFE
FFFF
0000
0001
0002
0002
0001
0000
FFFF
FFFE
FFFE
FFFF
0000
0001
0002
0002
0001
0000
FFFF
FFFE
FFFE
FFFF
0000
0000
0000
0000
0000
0000
0000
0000
0000
0000
0000
0000
0000
0000
0000
0000
0000
0000
0000
0000
0000
0000
0000
0000
0000
0000
0000
FFFF
FFFF
FFFF
FFFF
FFFF
FFFF
FFFE
FFFE
FFFE
FFFE
FFFE
FFFE
FFFE
FFFE
FFFE
FFFF
FFFF
FFFF
FFFF
FFFF
0000
0000
0000
0000
0000
0001
0001
0001
0001
0002
0002
0002
0002
0002
0002
0002
0002
0002
0002
0002
0002
0002
0001
0001
0001
0001
0000
0000
0000
FFFF
FFFF
FFFF
FFFF
FFFE
FFFE
FFFE
FFFE
FFFD
FFFD
FFFD
FFFD
FFFD
FFFD
FFFD
FFFE
FFFE
FFFE
FFFE
FFFF
FFFF
FFFF
0000
0000
0000
0001
0001
0002
0002
0002
0003
0003
0003
0003
0004
0004
0004
0004
0004
0004
0003
0003
0003
0002
0002
0002
0001
0001
0000
FFFF
FFFF
FFFE
FFFE
FFFD
FFFD
FFFC
FFFC
FFFC
FFFB
FFFB
FFFB
FFFB
FFFB
FFFB
FFFB
FFFB
FFFC
FFFC
FFFD
FFFD
FFFE
FFFF
FFFF
0000
0001
0002
0002
0003
0004
0004
0005
0006
0006
0006
0007
0007
0007
0007
0007
0007
0006
0006
0005
0004
0004
0003
0002
0001
0000
FFFF
FFFE
FFFD
FFFC
FFFB
FFFA
FFF9
FFF9
FFF8
FFF7
FFF7
FFF7
FFF7
FFF7
FFF7
FFF7
FFF8
FFF8
FFF9
FFFA
FFFB
FFFC
FFFD
FFFF
0000
0001
0003
0004
0005
0007
0008
0009
000A
000B
000B
000C
000C
000C
000C
000C
000B
000B
000A
0009
0008
0006
0005
0003
0002
0000
FFFE
FFFC
FFFB
FFF9
FFF7
FFF6
FFF5
FFF3
FFF2
FFF1
FFF1
FFF0
FFF0
FFF0
FFF1
FFF1
FFF2
FFF3
FFF5
FFF6
FFF8
FFFA
FFFC
FFFE
0000
0002
0005
0007
0009
000B
000D
000F
0010
0012
0013
0013
0014
0014
0014
0014
0013
0012
0010
000F
000D
000A
0008
0006
0003
0000
FFFD
FFFA
FFF7
FFF5
FFF2
FFF0
FFED
FFEB
FFEA
FFE8
FFE7
FFE7
FFE7
FFE7
FFE7
FFE8
FFEA
FFEB
FFEE
FFF0
FFF3
FFF6
FFF9
FFFC
0000
0004
0007
000B
000E
0011
0015
0017
001A
001C
001E
001F
0020
0020
0020
001F
001E
001C
001A
0017
0014
0011
000D
0009
0004
0000
FFFB
FFF7
FFF3
FFEE
FFEA
FFE6
FFE3
FFE0
FFDD
FFDB
FFD9
FFD8
FFD8
FFD8
FFD9
FFDB
FFDD
FFE0
FFE3
FFE7
FFEB
FFF0
FFF5
FFFA
0000
0006
000B
0011
0016
001B
0020
0025
0029
002C
002F
0031
0032
0032
0032
0031
002F
002C
0029
0024
0020
001A
0014
000E
0007
0000
FFF9
FFF2
FFEB
FFE4
FFDD
FFD7
FFD2
FFCD
FFC8
FFC5
FFC2
FFC1
FFC0
FFC1
FFC2
FFC4
FFC8
FFCC
FFD1
FFD8
FFDF
FFE6
FFEE
FFF7
0000
0009
0012
001B
0024
002D
0035
003C
0042
0048
004C
0050
0052
0053
0052
0051
004E
0049
0044
003D
0035
002C
0022
0017
000C
0000
FFF4
FFE8
FFDC
FFD0
FFC5
FFBA
FFB0
FFA7
FFA0
FF9A
FF95
FF92
FF90
FF91
FF93
FF97
FF9C
FFA4
FFAD
FFB8
FFC4
FFD1
FFE0
FFF0
0000
0011
0022
0033
0044
0054
0063
0071
007E
008A
0093
009A
009F
00A2
00A2
00A0
009B
0093
0089
007C
006D
005B
0047
0031
0019
0000
FFE6
FFCB
FFB0
FF95
FF7A
FF60
FF48
FF31
FF1D
FF0B
FEFD
FEF1
FEEA
FEE7
FEE7
FEED
FEF8
FF07
FF1B
FF35
FF54
FF78
FFA0
FFCE
0000
0036
0070
00AE
00EF
0132
0177
01BE
0205
024D
0295
02DB
0320
0363
03A3
03E0
0419
044D
047D
04A7
04CB
04E9
0501
0512
051C
0520
051C
0512
0501
04E9
04CB
04A7
047D
044D
0419
03E0
03A3
0363
0320
02DB
0295
024D
0205
01BE
0177
0132
00EF
00AE
0070
0036
0000
FFCE
FFA0
FF78
FF54
FF35
FF1B
FF07
FEF8
FEED
FEE7
FEE7
FEEA
FEF1
FEFD
FF0B
FF1D
FF31
FF48
FF60
FF7A
FF95
FFB0
FFCB
FFE6
0000
0019
0031
0047
005B
006D
007C
0089
0093
009B
00A0
00A2
00A2
009F
009A
0093
008A
007E
0071
0063
0054
0044
0033
0022
0011
0000
FFF0
FFE0
FFD1
FFC4
FFB8
FFAD
FFA4
FF9C
FF97
FF93
FF91
FF90
FF92
FF95
FF9A
FFA0
FFA7
FFB0
FFBA
FFC5
FFD0
FFDC
FFE8
FFF4
0000
000C
0017
0022
002C
0035
003D
0044
0049
004E
0051
0052
0053
0052
0050
004C
0048
0042
003C
0035
002D
0024
001B
0012
0009
0000
FFF7
FFEE
FFE6
FFDF
FFD8
FFD1
FFCC
FFC8
FFC4
FFC2
FFC1
FFC0
FFC1
FFC2
FFC5
FFC8
FFCD
FFD2
FFD7
FFDD
FFE4
FFEB
FFF2
FFF9
0000
0007
000E
0014
001A
0020
0024
0029
002C
002F
0031
0032
0032
0032
0031
002F
002C
0029
0025
0020
001B
0016
0011
000B
0006
0000
FFFA
FFF5
FFF0
FFEB
FFE7
FFE3
FFE0
FFDD
FFDB
FFD9
FFD8
FFD8
FFD8
FFD9
FFDB
FFDD
FFE0
FFE3
FFE6
FFEA
FFEE
FFF3
FFF7
FFFB
0000
0004
0009
000D
0011
0014
0017
001A
001C
001E
001F
0020
0020
0020
001F
001E
001C
001A
0017
0015
0011
000E
000B
0007
0004
0000
FFFC
FFF9
FFF6
FFF3
FFF0
FFEE
FFEB
FFEA
FFE8
FFE7
FFE7
FFE7
FFE7
FFE7
FFE8
FFEA
FFEB
FFED
FFF0
FFF2
FFF5
FFF7
FFFA
FFFD
0000
0003
0006
0008
000A
000D
000F
0010
0012
0013
0014
0014
0014
0014
0013
0013
0012
0010
000F
000D
000B
0009
0007
0005
0002
0000
FFFE
FFFC
FFFA
FFF8
FFF6
FFF5
FFF3
FFF2
FFF1
FFF1
FFF0
FFF0
FFF0
FFF1
FFF1
FFF2
FFF3
FFF5
FFF6
FFF7
FFF9
FFFB
FFFC
FFFE
0000
0002
0003
0005
0006
0008
0009
000A
000B
000B
000C
000C
000C
000C
000C
000B
000B
000A
0009
0008
0007
0005
0004
0003
0001
0000
FFFF
FFFD
FFFC
FFFB
FFFA
FFF9
FFF8
FFF8
FFF7
FFF7
FFF7
FFF7
FFF7
FFF7
FFF7
FFF8
FFF9
FFF9
FFFA
FFFB
FFFC
FFFD
FFFE
FFFF
0000
0001
0002
0003
0004
0004
0005
0006
0006
0007
0007
0007
0007
0007
0007
0006
0006
0006
0005
0004
0004
0003
0002
0002
0001
0000
FFFF
FFFF
FFFE
FFFD
FFFD
FFFC
FFFC
FFFB
FFFB
FFFB
FFFB
FFFB
FFFB
FFFB
FFFB
FFFC
FFFC
FFFC
FFFD
FFFD
FFFE
FFFE
FFFF
FFFF
0000
0001
0001
0002
0002
0002
0003
0003
0003
0004
0004
0004
0004
0004
0004
0003
0003
0003
0003
0002
0002
0002
0001
0001
0000
0000
0000
FFFF
FFFF
FFFF
FFFE
FFFE
FFFE
FFFE
FFFD
FFFD
FFFD
FFFD
FFFD
FFFD
FFFD
FFFE
FFFE
FFFE
FFFE
FFFF
FFFF
FFFF
FFFF
0000
0000
0000
0001
0001
0001
0001
0002
0002
0002
0002
0002
0002
0002
0002
0002
0002
0002
0002
0002
0001
0001
0001
0001
0000
0000
0000
0000
0000
FFFF
FFFF
FFFF
FFFF
FFFF
FFFE
FFFE
FFFE
FFFE
FFFE
FFFE
FFFE
FFFE
FFFE
FFFF
FFFF
FFFF
FFFF
FFFF
FFFF
0000
0000
0000
0000
0000
0000
0000
0000
0000
0000
0000
0000
0000
0000
0000
0000
0000
0000
0000
0000
0000
0000
0000
0000
0000
0000
0000
0000
0000
0000
0000
0000
0000
0000
0000
0000
0000
0000
FFFF
FFFF
FFFF
FFFF
FFFF
FFFF
FFFF
FFFF
FFFF
FFFF
FFFF
FFFF
FFFF
FFFF
FFFF
FFFF
FFFF
FFFF
FFFF
FFFF
FFFF
FFFF
FFFE
FFFE
FFFE
FFFE
FFFE
FFFE
FFFE
FFFE
FFFE
FFFE
FFFE
FFFE
FFFE
FFFE
FFFE
FFFE
FFFE
FFFE
FFFE
FFFE
FFFE
FFFE
FFFD
FFFD
FFFD
FFFD
FFFD
FFFD
FFFD
FFFD
FFFD
FFFD
FFFD
FFFD
FFFD
FFFD
FFFD
FFFD
FFFD
FFFD
FFFD
FFFD
FFFD
FFFD
FFFD
FFFD
FFFD
FFFD
FFFD
FFFD
FFFD
FFFD
FFFD
FFFD
FFFD
FFFD
FFFD
FFFD
FFFD
FFFD
FFFD
FFFD
FFFD
FFFD
FFFD
FFFD
FFFD
FFFD
FFFE
FFFE
FFFE
FFFE
FFFE
FFFE
FFFE
FFFE
FFFE
FFFE
FFFE
FFFE
FFFF
FFFF
FFFF
FFFF
FFFF
FFFF
FFFF
FFFF
0000
0000
0000
0000
0000
0000
0000
0001
0001
0001
0001
0001
0001
0002
0002
0002
0002
0002
0003
0003
0003
0003
0003
0004
0004
0004
0004
0005
0005
0005
0005
0005
0006
0006
0006
0006
0007
0007
0007
0007
0007
0008
0008
0008
0008
0008
0009
0009
0009
0009
000A
000A
000A
000A
000A
000B
000B
000B
000B
000B
000B
000C
000C
000C
000C
000C
000C
000C
000C
000D
000D
000D
000D
000D
000D
000D
000D
000D
000D
000D
000D
000D
000D
000D
000D
000D
000D
000D
000D
000D
000D
000D
000D
000C
000C
000C
000C
000C
000C
000B
000B
000B
000B
000A
000A
000A
000A
0009
0009
0009
0008
0008
0008
0007
0007
0006
0006
0006
0005
0005
0004
0004
0003
0003
0002
0002
0001
0001
0000
FFFF
FFFF
FFFE
FFFE
FFFD
FFFC
FFFC
FFFB
FFFA
FFFA
FFF9
FFF9
FFF8
FFF7
FFF6
FFF6
FFF5
FFF4
FFF4
FFF3
FFF2
FFF1
FFF1
FFF0
FFEF
FFEF
FFEE
FFED
FFEC
FFEC
FFEB
FFEA
FFE9
FFE9
FFE8
FFE7
FFE7
FFE6
FFE5
FFE4
FFE4
FFE3
FFE2
FFE2
FFE1
FFE1
FFE0
FFDF
FFDF
FFDE
FFDE
FFDD
FFDC
FFDC
FFDB
FFDB
FFDA
FFDA
FFD9
FFD9
FFD9
FFD8
FFD8
FFD8
FFD7
FFD7
FFD7
FFD6
FFD6
FFD6
FFD6
FFD6
FFD6
FFD5
FFD5
FFD5
FFD5
FFD5
FFD6
FFD6
FFD6
FFD6
FFD6
FFD6
FFD7
FFD7
FFD7
FFD8
FFD8
FFD8
FFD9
FFD9
FFDA
FFDB
FFDB
FFDC
FFDC
FFDD
FFDE
FFDF
FFE0
FFE1
FFE1
FFE2
FFE3
FFE4
FFE6
FFE7
FFE8
FFE9
FFEA
FFEC
FFED
FFEE
FFF0
FFF1
FFF3
FFF4
FFF6
FFF7
FFF9
FFFB
FFFC
FFFE
0000
0002
0004
0006
0008
000A
000C
000E
0010
0012
0014
0016
0018
001B
001D
001F
0022
0024
0026
0029
002B
002E
0030
0033
0035
0038
003B
003D
0040
0043
0045
0048
004B
004E
0050
0053
0056
0059
005C
005E
0061
0064
0067
006A
006D
0070
0072
0075
0078
007B
007E
0081
0084
0087
0089
008C
008F
0092
0095
0098
009A
009D
00A0
00A3
00A6
00A8
00AB
00AE
00B0
00B3
00B6
00B8
00BB
00BD
00C0
00C2
00C5
00C7
00CA
00CC
00CE
00D1
00D3
00D5
00D7
00DA
00DC
00DE
00E0
00E2
00E4
00E6
00E7
00E9
00EB
00ED
00EE
00F0
00F2
00F3
00F4
00F6
00F7
00F9
00FA
00FB
00FC
00FD
00FE
00FF
0100
0101
0102
0103
0103
0104
0104
0105
0105
0106
0106
0106
0107
0107
0107
0107
0107
0107
0107
0106
0106
0106
0105
0105
0104
0104
0103
0103
0102
0101
0100
00FF
00FE
00FD
00FC
00FB
00FA
00F9
00F7
00F6
00F4
00F3
00F2
00F0
00EE
00ED
00EB
00E9
00E7
00E6
00E4
00E2
00E0
00DE
00DC
00DA
00D7
00D5
00D3
00D1
00CE
00CC
00CA
00C7
00C5
00C2
00C0
00BD
00BB
00B8
00B6
00B3
00B0
00AE
00AB
00A8
00A6
00A3
00A0
009D
009A
0098
0095
0092
008F
008C
0089
0087
0084
0081
007E
007B
0078
0075
0072
0070
006D
006A
0067
0064
0061
005E
005C
0059
0056
0053
0050
004E
004B
0048
0045
0043
0040
003D
003B
0038
0035
0033
0030
002E
002B
0029
0026
0024
0022
001F
001D
001B
0018
0016
0014
0012
0010
000E
000C
000A
0008
0006
0004
0002
0000
FFFE
FFFC
FFFB
FFF9
FFF7
FFF6
FFF4
FFF3
FFF1
FFF0
FFEE
FFED
FFEC
FFEA
FFE9
FFE8
FFE7
FFE6
FFE4
FFE3
FFE2
FFE1
FFE1
FFE0
FFDF
FFDE
FFDD
FFDC
FFDC
FFDB
FFDB
FFDA
FFD9
FFD9
FFD8
FFD8
FFD8
FFD7
FFD7
FFD7
FFD6
FFD6
FFD6
FFD6
FFD6
FFD6
FFD5
FFD5
FFD5
FFD5
FFD5
FFD6
FFD6
FFD6
FFD6
FFD6
FFD6
FFD7
FFD7
FFD7
FFD8
FFD8
FFD8
FFD9
FFD9
FFD9
FFDA
FFDA
FFDB
FFDB
FFDC
FFDC
FFDD
FFDE
FFDE
FFDF
FFDF
FFE0
FFE1
FFE1
FFE2
FFE2
FFE3
FFE4
FFE4
FFE5
FFE6
FFE7
FFE7
FFE8
FFE9
FFE9
FFEA
FFEB
FFEC
FFEC
FFED
FFEE
FFEF
FFEF
FFF0
FFF1
FFF1
FFF2
FFF3
FFF4
FFF4
FFF5
FFF6
FFF6
FFF7
FFF8
FFF9
FFF9
FFFA
FFFA
FFFB
FFFC
FFFC
FFFD
FFFE
FFFE
FFFF
FFFF
0000
0001
0001
0002
0002
0003
0003
0004
0004
0005
0005
0006
0006
0006
0007
0007
0008
0008
0008
0009
0009
0009
000A
000A
000A
000A
000B
000B
000B
000B
000C
000C
000C
000C
000C
000C
000D
000D
000D
000D
000D
000D
000D
000D
000D
000D
000D
000D
000D
000D
000D
000D
000D
000D
000D
000D
000D
000D
000D
000D
000C
000C
000C
000C
000C
000C
000C
000C
000B
000B
000B
000B
000B
000B
000A
000A
000A
000A
000A
0009
0009
0009
0009
0008
0008
0008
0008
0008
0007
0007
0007
0007
0007
0006
0006
0006
0006
0005
0005
0005
0005
0005
0004
0004
0004
0004
0003
0003
0003
0003
0003
0002
0002
0002
0002
0002
0001
0001
0001
0001
0001
0001
0000
0000
0000
0000
0000
0000
0000
FFFF
FFFF
FFFF
FFFF
FFFF
FFFF
FFFF
FFFF
FFFE
FFFE
FFFE
FFFE
FFFE
FFFE
FFFE
FFFE
FFFE
FFFE
FFFE
FFFE
FFFD
FFFD
FFFD
FFFD
FFFD
FFFD
FFFD
FFFD
FFFD
FFFD
FFFD
FFFD
FFFD
FFFD
FFFD
FFFD
FFFD
FFFD
FFFD
FFFD
FFFD
FFFD
FFFD
FFFD
FFFD
FFFD
FFFD
FFFD
FFFD
FFFD
FFFD
FFFD
FFFD
FFFD
FFFD
FFFD
FFFD
FFFD
FFFD
FFFD
FFFD
FFFD
FFFD
FFFD
FFFD
FFFD
FFFE
FFFE
FFFE
FFFE
FFFE
FFFE
FFFE
FFFE
FFFE
FFFE
FFFE
FFFE
FFFE
FFFE
FFFE
FFFE
FFFE
FFFE
FFFE
FFFE
FFFE
FFFE
FFFF
FFFF
FFFF
FFFF
FFFF
FFFF
FFFF
FFFF
FFFF
FFFF
FFFF
FFFF
FFFF
FFFF
FFFF
FFFF
FFFF
FFFF
FFFF
FFFF
FFFF
FFFF
0000
0000
0000
0000
0000
0000
0000
0000
0000
0000
0000
0000
0000
0000
0000
0000
0000
0000
0000
0000
0000
0000
0000
0000
0000
0000
0000
0000
0000
0000
0000
0000
0000
0000
0000
0000
0000
0000
0000
0000
0000
0000
0000
0000
0000
0000
0000
0000
0000
0000
0000
0000
0000
0000
0000
0000
0000
0000
0000
0000
0000
0000
0000
0000
0000
0000
0000
0000
0000
0000
0000
0000
0000
0000
0000
0000
0000
0000
0000
0000
0000
0000
0000
0000
0000
0000
0000
0000
0000
0000
0000
0000
0000
0000
0000
0000
0000
0000
0000
0000
0000
0000
0000
0000
0000
0000
0000
0000
0000
0000
0000
0000
0000
0000
0000
0000
0000
0000
0000
0000
0000
0000
0000
0000
0000
0000
0000
0000
0000
0000
0000
0000
0000
0000
0000
0000
0000
0000
0000
0000
0000
0000
0000
0000
0000
0000
0000
0000
0000
0000
0000
0000
0000
0000
0000
0000
0000
0000
0000
0000
0000
0000
0000
0000
0000
0000
0000
0000
0000
0000
0000
0000
0000
0000
0000
0000
0000
0000
0000
0000
0000
0000
0000
0000
0000
0000
0000
0000
0000
0000
0000
0000
0000
0000
0000
0000
0000
0000
0000
0000
0000
0000
0000
0000
0000
0000
0000
0000
0000
0000
0000
0000
0000
0000
0000
0000
0000
0000
0000
0000
0000
0000
0000
0000
0000
0000
0000
0000
0000
0000
0000
0000
0000
0000
0000
0000
0000
0000
0000
0000
0000
0000
0000
0000
0000
0000
0000
0000
0000
0000
0000
0000
0000
0000
0000
0000
0000
0000
0000
0000
0000
0000
0000
0000
0000
0000
0000
0000
0000
0000
0000
0000
0000
0000
0000
0000
0000
0000
0000
0000
0000
0000
0000
0000
0000
0000
0000
0000
0000
0000
0000
0000
0000
0000
0000
0000
0000
0000
0000
0000
0000
0000
0000
0000
0000
0000
0000
0000
0000
0000
0000
0000
0000
0000
0000
0000
0000
0000
0000
0000
0000
0000
0000
0000
0000
0000
0000
0000
0000
0000
0000
0000
0000
0000
0000
0000
0000
0000
0000
0000
0000
0000
0000
0000
0000
0000
0000
0000
0000
0000
0000
0000
0000
0000
0000
0000
0000
0000
0000
0000
0000
0000
0000
0000
0000
0000
0000
0000
0000
0000
0000
0000
0000
0000
0000
0000
0000
0000
0000
0000
0000
0000
0000
0000
0000
0000
0000
0000
0000
0000
0000
0000
0000
0000
0000
0000
0000
0000
0000
0000
0000
0000
0000
0000
0000
0000
0000
0000
0000
0000
0000
0000
0000
0000
0000
0000
0000
0000
0000
0000
0000
0000
0000
0000
0000
0000
0000
0000
0000
0000
0000
0000
0000
0000
0000
0000
0000
0000
0000
0000
0000
0000
0000
0000
0000
0000
0000
0000
0000
0000
0000
0000
0000
0000
0000
0000
0000
0000
0000
0000
0000
0000
0000
0000
0000
0000
0000
0000
0000
0000
0000
0000
0000
0000
0000
0000
0000
0000
0000
0000
0000
0000
0000
0000
0000
0000
0000
0000
0000
0000
0000
0000
0000
0000
0000
0000
0000
0000
0000
0000
0000
0000
0000
0000
0000
0000
0000
0000
0000
0000
0000
0000
0000
0000
0000
0000
0000
0000
0000
0000
0000
0000
0000
0000
0000
0000
0000
0000
0000
0000
0000
0000
0000
0000
0000
0000
0000
0000
0000
0000
0000
0000
0000
0000
0000
0000
0000
0000
0000
0000
0000
0000
0000
0000
0000
0000
0000
0000
0000
0000
0000
0000
0000
0000
0000
0000
0000
0000
0000
0000
0000
0000
0000
0000
0000
0000
0000
0000
0000
0000
0000
0000
0000
0000
0000
0000
0000
0000
0000
0000
0000
0000
0000
0000
0000
0000
0000
0000
0000
0000
0000
0000
0000
0000
0000
0000
0000
0000
0000
0000
0000
0000
0000
0000
0000
0000
0000
0000
0000
0000
0000
0000
0000
0000
0000
0000
0000
0000
0000
0000
0000
0000
0000
0000
0000
0000
0000
0000
0000
0000
0000
0000
0000
0000
0000
0000
0000
0000
0000
0000
0000
0000
0000
0000
0000
0000
0000
0000
0000
0000
0000
0000
0000
0000
0000
0000
0000
0000
0000
0000
0000
0000
0000
0000
0000
0000
0000
0000
0000
0000
0000
0000
0000
0000
0000
0000
0000
0000
0000
0000
0000
0000
0000
0000
0000
0000
0000
0000
0000
0000
0000
0000
0000
0000
0000
0000
0000
0000
0000
0000
0000
0000
0000
0000
0000
0000
0000
0000
0000
0000
0000
0000
0000
0000
0000
0000
0000
0000
0000
0000
0000
0000
0000
0000
0000
0000
0000
0000
0000
0000
0000
0000
0000
0000
0000
0000
0000
0000
0000
0000
0000
0000
0000
0000
0000
0000
0000
0000
0000
0000
0000
0000
0000
0000
0000
0000
0000
0000
0000
0000
0000
0000
0000
0000
0000
0000
0000
0000
0000
0000
0000
0000
0000
0000
0000
0000
0000
0000
0000
0000
0000
0000
0000
0000
0000
0000
0000
0000
0000
0000
0000
0000
0000
0000
0000
0000
0000
0000
0000
0000
0000
0000
0000
0000
0000
0000
0000
0000
0000
0000
0000
0000
0000
0000
0000
0000
0000
0000
0000
0000
0000
0000
0000
0000
0000
0000
0000
0000
0000
0000
0000
0000
0000
0000
0000
0000
0000
0000
0000
0000
0000
0000
0000
0000
0000
0000
0000
0000
0000
0000
0000
0000
0000
0000
0000
0000
0000
0000
0000
0000
0000
0000
0000
0000
0000
0000
0000
0000
0000
0000
0000
0000
0000
0000
0000
0000
0000
0000
0000
0000
0000
0000
0000
0000
0000
0000
0000
0000
0000
0000
0000
0000
0000
0000
0000
0000
0000
0000
0000
0000
0000
0000
0000
0000
0000
0000
0000
0000
0000
0000
0000
0000
0000
0000
0000
0000
0000
0000
0000
0000
0000
0000
0000
0000
0000
0000
0000
0000
0000
0000
0000
0000
0000
0000
0000
0000
0000
0000
0000
0000
0000
0000
0000
0000
0000
0000
0000
0000
0000
0000
0000
0000
0000
0000
0000
0000
0000
0000
0000
0000
0000
0000
0000
0000
0000
0000
0000
0000
0000
0000
0000
0000
0000
0000
0000
0000
0000
0000
0000
0000
0000
0000
0000
0000
0000
0000
0000
0000
0000
0000
0000
0000
0000
0000
0000
0000
0000
0000
0000
0000
0000
0000
0000
0000
0000
0000
0000
0000
0000
0000
0000
0000
0000
0000
0000
0000
0000
0000
0000
0000
0000
0000
0000
0000
0000
0000
0000
0000
0000
0000
0000
0000
0000
0000
0000
0000
0000
0000
0000
0000
0000
0000
0000
0000
0000
0000
0000
0000
0000
0000
0000
0000
0000
0000
0000
0000
0000
0000
0000
0000
0000
0000
0000
0000
0000
0000
0000
0000
0000
0000
0000
0000
0000
0000
0000
0000
0000
0000
0000
0000
0000
0000
0000
0000
0000
0000
0000
0000
0000
0000
0000
0000
0000
0000
0000
0000
0000
0000
0000
0000
0000
0000
0000
0000
0000
0000
0000
0000
0000
0000
0000
0000
0000
0000
0000
0000
0000
0000
0000
0000
0000
0000
0000
0000
0000
0000
0000
0000
0000
0000
0000
0000
0000
0000
0000
0000
0000
0000
0000
0000
0000
0000
0000
0000
0000
0000
0000
0000
0000
0000
0000
0000
0000
0000
0000
0000
0000
0000
0000
0000
0000
0000
0000
0000
0000
0000
0000
0000
0000
0000
0000
0000
0000
0000
0000
0000
0000
0000
0000
0000
0000
0000
0000
0000
0000
0000
0000
0000
0000
0000
0000
0000
0000
0000
0000
0000
0000
0000
0000
0000
0000
0000
0000
0000
0000
0000
0000
0000
0000
0000
0000
0000
0000
0000
0000
0000
0000
0000
0000
0000
0000
0000
0000
0000
0000
0000
0000
0000
0000
0000
0000
0000
0000
0000
0000
0000
0000
0000
0000
0000
0000
0000
0000
0000
0000
0000
0000
0000
0000
0000
0000
0000
0000
0000
0000
0000
0000
0000
0000
0000
0000
0000
0000
0000
0000
0000
0000
0000
0000
0000
0000
0000
0000
0000
0000
0000
0000
0000
0000
0000
0000
0000
0000
0000
0000
0000
0000
0000
0000
0000
0000
0000
0000
0000
0000
0000
0000
0000
0000
0000
0000
0000
0000
0000
0000
0000
0000
0000
0000
0000
0000
0000
0000
0000
0000
0000
0000
0000
0000
0000
0000
0000
0000
0000
0000
0000
0000
0000
0000
0000
0000
0000
0000
0000
0000
0000
0000
0000
0000
0000
0000
0000
0000
0000
0000
0000
0000
0000
0000
0000
0000
0000
0000
0000
0000
0000
0000
0000
0000
0000
0000
0000
0000
0000
0000
0000
0000
0000
0000
0000
0000
0000
0000
0000
0000
0000
0000
0000
0000
0000
0000
0000
0000
0000
0000
0000
0000
0000
0000
0000
0000
0000
0000
0000
0000
0000
0000
0000
0000
0000
0000
0000
0000
0000
0000
0000
0000
0000
0000
0000
0000
0000
0000
0000
0000
0000
0000
0000
0000
0000
0000
0000
0000
0000
0000
0000
0000
0000
0000
0000
0000
0000
0000
0000
0000
0000
0000
0000
0000
0000
0000
0000
0000
0000
0000
0000
0000
0000
0000
0000
0000
0000
0000
0000
0000
0000
0000
0000
0000
0000
0000
0000
0000
0000
0000
0000
0000
0000
0000
0000
0000
0000
0000
0000
0000
0000
0000
0000
0000
0000
0000
0000
0000
0000
0000
0000
0000
0000
0000
0000
0000
0000
0000
0000
0000
0000
0000
0000
0000
0000
0000
0000
0000
0000
0000
0000
0000
0000
0000
0000
0000
0000
0000
0000
0000
0000
0000
0000
0000
0000
0000
0000
0000
0000
0000
0000
0000
0000
0000
0000
0000
0000
0000
0000
0000
0000
0000
0000
0000
0000
0000
0000
0000
0000
0000
0000
0000
0000
0000
0000
0000
0000
0000
0000
0000
0000
0000
0000
0000
0000
0000
0000
0000
0000
0000
0000
0000
0000
0000
0000
0000
0000
0000
0000
0000
0000
0000
0000
0000
0000
0000
0000
0000
0000
0000
0000
0000
0000
0000
0000
0000
0000
0000
0000
0000
0000
0000
0000
0000
0000
0000
0000
0000
0000
0000
0000
0000
0000
0000
0000
0000
0000
0000
0000
0000
0000
0000
0000
0000
0000
0000
0000
0000
0000
0000
0000
0000
0000
0000
0000
0000
0000
0000
0000
0000
0000
0000
0000
0000
0000
0000
0000
0000
0000
0000
0000
0000
0000
0000
0000
0000
0000
0000
0000
0000
0000
0000
0000
0000
0000
0000
0000
0000
0000
0000
0000
0000
0000
0000
0000
0000
0000
0000
0000
0000
0000
0000
0000
0000
0000
0000
0000
0000
0000
0000
0000
0000
0000
0000
0000
0000
0000
0000
0000
0000
0000
0000
0000
0000
0000
0000
0000
0000
0000
0000
0000
0000
0000
0000
0000
0000
0000
0000
0000
0000
0000
0000
0000
0000
0000
0000
0000
0000
0000
0000
0000
0000
0000
0000
0000
0000
0000
0000
0000
0000
0000
0000
0000
0000
0000
0000
0000
0000
0000
0000
0000
0000
0000
0000
0000
0000
0000
0000
0000
0000
0000
0000
0000
0000
0000
0000
0000
0000
0000
0000
0000
0000
0000
0000
0000
0000
0000
0000
0000
0000
0000
0000
0000
0000
0000
0000
0000
0000
0000
0000
0000
0000
0000
0000
0000
0000
0000
0000
0000
0000
0000
0000
0000
0000
0000
0000
0000
0000
0000
0000
0000
0000
0000
0000
0000
0000
0000
0000
0000
0000
0000
0000
0000
0000
0000
0000
0000
0000
0000
0000
0000
0000
0000
0000
0000
0000
0000
0000
0000
0000
0000
0000
0000
0000
0000
0000
0000
0000
0000
0000
0000
0000
0000
0000
0000
0000
0000
0000
0000
0000
0000
0000
0000
0000
0000
0000
0000
0000
0000
0000
0000
0000
0000
0000
0000
0000
0000
0000
0000
0000
0000
0000
0000
0000
0000
0000
0000
0000
0000
0000
0000
0000
0000
0000
0000
0000
0000
0000
0000
0000
0000
0000
0000
0000
0000
0000
0000
0000
0000
0000
0000
0000
0000
0000
0000
0000
0000
0000
0000
0000
0000
0000
0000
0000
0000
0000
0000
0000
0000
0000
0000
0000
0000
0000
0000
0000
0000
0000
0000
0000
0000
0000
0000
0000
0000
0000
0000
0000
0000
0000
0000
0000
0000
0000
0000
0000
0000
0000
0000
0000
0000
0000
0000
0000
0000
0000
0000
0000
0000
0000
0000
0000
0000
0000
0000
0000
0000
0000
0000
0000
0000
0000
0000
0000
0000
0000
0000
0000
0000
0000
0000
0000
0000
0000
0000
0000
0000
0000
0000
0000
0000
0000
0000
0000
0000
0000
0000
0000
0000
0000
0000
0000
0000
0000
0000
0000
0000
0000
0000
0000
0000
0000
0000
0000
0000
0000
0000
0000
0000
0000
0000
0000
0000
0000
0000
0000
0000
0000
0000
0000
0000
0000
0000
0000
0000
0000
0000
0000
0000
0000
0000
0000
0000
0000
0000
0000
0000
0000
0000
0000
0000
0000
0000
0000
0000
0000
0000
0000
0000
0000
0000
0000
0000
0000
0000
0000
0000
0000
0000
0000
0000
0000
0000
0000
0000
0000
0000
0000
0000
0000
0000
0000
0000
0000
0000
0000
0000
0000
0000
0000
0000
0000
0000
0000
0000
0000
0000
0000
0000
0000
0000
0000
0000
0000
0000
0000
0000
0000
0000
0000
0000
0000
0000
0000
0000
0000
0000
0000
0000
0000
0000
0000
0000
0000
0000
0000
0000
0000
0000
0000
0000
0000
0000
0000
0000
0000
0000
0000
0000
0000
0000
0000
0000
0000
0000
0000
0000
0000
0000
0000
0000
0000
0000
0000
0000
0000
0000
0000
0000
0000
0000
0000
0000
0000
0000
0000
0000
0000
0000
0000
0000
0000
0000
0000
0000
0000
0000
0000
0000
0000
0000
0000
0000
0000
0000
0000
0000
0000
0000
0000
0000
0000
0000
0000
0000
0000
0000
0000
0000
0000
0000
0000
0000
0000
0000
0000
0000
0000
0000
0000
0000
0000
0000
0000
0000
0000
0000
0000
0000
0000
0000
0000
0000
0000
0000
0000
0000
0000
0000
0000
0000
0000
0000
0000
0000
0000
0000
0000
0000
0000
0000
0000
0000
0000
0000
0000
0000
0000
0000
0000
0000
0000
0000
0000
0000
0000
0000
0000
0000
0000
0000
0000
0000
0000
0000
0000
0000
0000
0000
0000
0000
0000
0000
0000
0000
0000
0000
0000
0000
0000
0000
0000
0000
0000
0000
0000
0000
0000
0000
0000
0000
0000
0000
0000
0000
0000
0000
0000
0000
0000
0000
0000
0000
0000
0000
0000
0000
0000
0000
0000
0000
0000
0000
0000
0000
0000
0000
0000
0000
0000
0000
0000
0000
0000
0000
0000
0000
0000
0000
0000
0000
0000
0000
0000
0000
0000
0000
0000
0000
0000
0000
0000
0000
0000
0000
0000
0000
0000
0000
0000
0000
0000
0000
0000
0000
0000
0000
0000
0000
0000
0000
0000
0000
0000
0000
0000
0000
0000
0000
0000
0000
0000
0000
0000
0000
0000
0000
0000
0000
0000
0000
0000
0000
0000
0000
0000
0000
0000
0000
0000
0000
0000
0000
0000
0000
0000
0000
0000
0000
0000
0000
0000
0000
0000
0000
0000
0000
0000
0000
0000
0000
0000
0000
0000
0000
0000
0000
0000
0000
0000
0000
0000
0000
0000
0000
0000
0000
0000
0000
0000
0000
0000
0000
0000
0000
0000
0000
0000
0000
0000
0000
0000
0000
0000
0000
0000
0000
0000
0000
0000
0000
0000
0000
0000
0000
0000
0000
0000
0000
0000
0000
0000
0000
0000
0000
0000
0000
0000
0000
0000
0000
0000
0000
0000
0000
0000
0000
0000
0000
0000
0000
0000
0000
0000
0000
0000
0000
0000
0000
0000
0000
0000
0000
0000
0000
0000
0000
0000
0000
0000
0000
0000
0000
0000
0000
0000
0000
0000
0000
0000
0000
0000
0000
0000
0000
0000
0000
0000
0000
0000
0000
0000
0000
0000
0000
0000
0000
0000
0000
0000
0000
0000
0000
0000
0000
0000
0000
0000
0000
0000
0000
0000
0000
0000
0000
0000
0000
0000
0000
0000
0000
0000
0000
0000
0000
0000
0000
0000
0000
0000
0000
0000
0000
0000
0000
0000
0000
0000
0000
0000
0000
0000
0000
0000
0000
0000
0000
0000
0000
0000
0000
0000
0000
0000
0000
0000
0000
0000
0000
0000
0000
0000
0000
0000
0000
0000
0000
0000
0000
0000
0000
0000
0000
0000
0000
0000
0000
0000
0000
0000
0000
0000
0000
0000
0000
0000
0000
0000
0000
0000
0000
0000
0000
0000
0000
0000
0000
0000
0000
0000
0000
0000
0000
0000
0000
0000
0000
0000
0000
0000
0000
0000
0000
0000
0000
0000
0000
0000
0000
0000
0000
0000
0000
0000
0000
0000
0000
0000
0000
0000
0000
0000
0000
0000
0000
0000
0000
0000
0000
0000
0000
0000
0000
0000
0000
0000
0000
0000
0000
0000
0000
0000
0000
0000
0000
0000
0000
0000
0000
0000
0000
0000
0000
0000
0000
0000
0000
0000
0000
0000
0000
0000
0000
0000
0000
0000
0000
0000
0000
0000
0000
0000
0000
0000
0000
0000
0000
0000
0000
0000
0000
0000
0000
0000
0000
0000
0000
0000
0000
0000
0000
0000
0000
0000
0000
0000
0000
0000
0000
0000
0000
0000
0000
0000
0000
0000
0000
0000
0000
0000
0000
0000
0000
0000
0000
0000
0000
0000
0000
0000
0000
0000
0000
0000
0000
0000
0000
0000
0000
0000
0000
0000
0000
0000
0000
0000
0000
0000
0000
0000
0000
0000
0000
0000
0000
0000
0000
0000
0000
0000
0000
0000
0000
0000
0000
0000
0000
0000
0000
0000
0000
0000
0000
0000
0000
0000
0000
0000
0000
0000
0000
0000
0000
0000
0000
0000
0000
0000
0000
0000
0000
0000
0000
0000
0000
0000
0000
0000
0000
0000
0000
0000
0000
0000
0000
0000
0000
0000
0000
0000
0000
0000
0000
0000
0000
0000
0000
0000
0000
0000
0000
0000
0000
0000
0000
0000
0000
0000
0000
0000
0000
0000
0000
0000
0000
0000
0000
0000
0000
0000
0000
0000
0000
0000
0000
0000
0000
0000
0000
0000
0000
0000
0000
0000
0000
0000
0000
0000
0000
0000
0000
0000
0000
0000
0000
0000
0000
0000
0000
0000
0000
0000
0000
0000
0000
0000
0000
0000
0000
0000
0000
0000
0000
0000
0000
0000
0000
0000
0000
0000
0000
0000
0000
0000
0000
0000
0000
0000
0000
0000
0000
0000
0000
0000
0000
0000
0000
0000
0000
0000
0000
0000
0000
0000
0000
0000
0000
0000
0000
0000
0000
0000
0000
0000
0000
0000
0000
0000
0000
0000
0000
0000
0000
0000
0000
0000
0000
0000
0000
0000
0000
0000
0000
0000
0000
0000
0000
0000
0000
0000
0000
0000
0000
0000
0000
0000
0000
0000
0000
0000
0000
0000
0000
0000
0000
0000
0000
0000
0000
0000
0000
0000
0000
0000
0000
0000
0000
0000
0000
0000
0000
0000
0000
0000
0000
0000
0000
0000
0000
0000
0000
0000
0000
0000
0000
0000
0000
0000
0000
0000
0000
0000
0000
0000
0000
0000
0000
0000
0000
0000
0000
0000
0000
0000
0000
0000
0000
0000
0000
0000
0000
0000
0000
0000
0000
0000
0000
0000
0000
0000
0000
0000
0000
0000
0000
0000
0000
0000
0000
0000
0000
0000
0000
0000
0000
0000
0000
0000
0000
0000
0000
0000
0000
0000
0000
0000
0000
0000
0000
0000
0000
0000
0000
0000
0000
0000
0000
0000
0000
0000
0000
0000
0000
0000
0000
0000
0000
0000
0000
0000
0000
0000
0000
0000
0000
0000
0000
0000
0000
0000
0000
0000
0000
0000
0000
0000
0000
0000
0000
0000
0000
0000
0000
0000
0000
0000
0000
0000
0000
0000
0000
0000
0000
0000
0000
0000
0000
0000
0000
0000
0000
0000
0000
0000
0000
0000
0000
0000
0000
0000
0000
0000
0000
0000
0000
0000
0000
0000
0000
0000
0000
0000
0000
0000
0000
0000
0000
0000
0000
0000
0000
0000
0000
0000
0000
0000
0000
0000
0000
0000
0000
0000
0000
0000
0000
0000
0000
0000
0000
0000
0000
0000
0000
0000
0000
0000
0000
0000
0000
0000
0000
0000
0000
0000
0000
0000
0000
0000
0000
0000
0000
0000
0000
0000
0000
0000
0000
0000
0000
0000
0000
0000
0000
0000
0000
0000
0000
0000
0000
0000
0000
0000
0000
0000
0000
0000
0000
0000
0000
0000
0000
0000
0000
0000
0000
0000
0000
0000
0000
0000
0000
0000
0000
0000
0000
0000
0000
0000
0000
0000
0000
0000
0000
0000
0000
0000
0000
0000
0000
0000
0000
0000
0000
0000
0000
0000
0000
0000
0000
0000
0000
0000
0000
0000
0000
0000
0000
0000
0000
0000
0000
0000
0000
0000
0000
0000
0000
0000
0000
0000
0000
0000
0000
0000
0000
0000
0000
0000
0000
0000
0000
0000
0000
0000
0000
0000
0000
0000
0000
0000
0000
0000
0000
0000
0000
0000
0000
0000
0000
0000
0000
0000
0000
0000
0000
0000
0000
0000
0000
0000
0000
0000
0000
0000
0000
0000
0000
0000
0000
0000
0000
0000
0000
0000
0000
0000
0000
0000
0000
0000
0000
0000
0000
0000
0000
0000
0000
0000
0000
0000
0000
0000
0000
0000
0000
0000
0000
0000
0000
0000
0000
0000
0000
0000
0000
0000
0000
0000
0000
0000
0000
0000
0000
0000
0000
0000
0000
0000
0000
0000
0000
0000
0000
0000
0000
0000
0000
0000
0000
0000
0000
0000
0000
0000
0000
0000
0000
0000
0000
0000
0000
0000
0000
0000
0000
0000
0000
0000
0000
0000
0000
0000
0000
0000
0000
0000
0000
0000
0000
0000
0000
0000
0000
0000
0000
0000
0000
0000
0000
0000
0000
0000
0000
0000
0000
0000
0000
0000
0000
0000
0000
0000
0000
0000
0000
0000
0000
0000
0000
0000
0000
0000
0000
0000
0000
0000
0000
0000
0000
0000
0000
0000
0000
0000
0000
0000
0000
0000
0000
0000
0000
0000
0000
0000
0000
0000
0000
0000
0000
0000
0000
0000
0000
0000
0000
0000
0000
0000
0000
0000
0000
0000
0000
0000
0000
0000
0000
0000
0000
0000
0000
0000
0000
0000
0000
0000
0000
0000
0000
0000
0000
0000
0000
0000
0000
0000
0000
0000
0000
0000
0000
0000
0000
0000
0000
0000
0000
0000
0000
0000
0000
0000
0000
0000
0000
0000
0000
0000
0000
0000
0000
0000
0000
0000
0000
0000
0000
0000
0000
0000
0000
0000
0000
0000
0000
0000
0000
0000
0000
0000
0000
0000
0000
0000
0000
0000
0000
0000
0000
0000
0000
0000
0000
0000
0000
0000
0000
0000
0000
0000
0000
0000
0000
0000
0000
0000
0000
0000
0000
0000
0000
0000
0000
0000
0000
0000
0000
0000
0000
0000
0000
0000
0000
0000
0000
0000
0000
0000
0000
0000
0000
0000
0000
0000
0000
0000
0000
0000
0000
0000
0000
0000
0000
0000
0000
0000
0000
0000
0000
0000
0000
0000
0000
0000
0000
0000
0000
0000
0000
0000
0000
0000
0000
0000
0000
0000
0000
0000
0000
0000
0000
0000
0000
0000
0000
0000
0000
0000
0000
0000
0000
0000
0000
0000
0000
0000
0000
0000
0000
0000
0000
0000
0000
0000
0000
0000
0000
0000
0000
0000
0000
0000
0000
0000
0000
0000
0000
0000
0000
0000
0000
0000
0000
0000
0000
0000
0000
0000
0000
0000
0000
0000
0000
0000
0000
0000
0000
0000
0000
0000
0000
0000
0000
0000
0000
0000
0000
0000
0000
0000
0000
0000
0000
0000
0000
0000
0000
0000
0000
0000
0000
0000
0000
0000
0000
0000
0000
0000
0000
0000
0000
0000
0000
0000
0000
0000
0000
0000
0000
0000
0000
0000
0000
0000
0000
0000
0000
0000
0000
0000
0000
0000
0000
0000
0000
0000
0000
0000
0000
0000
0000
0000
0000
0000
0000
0000
0000
0000
0000
0000
0000
0000
0000
0000
0000
0000
0000
0000
0000
0000
0000
0000
0000
0000
0000
0000
0000
0000
0000
0000
0000
0000
0000
0000
0000
0000
0000
0000
0000
0000
0000
0000
0000
0000
0000
0000
0000
0000
0000
0000
0000
0000
0000
0000
0000
0000
0000
0000
0000
0000
0000
0000
0000
0000
0000
0000
0000
0000
0000
0000
0000
0000
0000
0000
0000
0000
0000
0000
0000
0000
0000
0000
0000
0000
0000
0000
0000
0000
0000
0000
0000
0000
0000
0000
0000
0000
0000
0000
0000
0000
0000
0000
0000
0000
0000
0000
0000
0000
0000
0000
0000
0000
0000
0000
0000
0000
0000
0000
0000
0000
0000
0000
0000
0000
0000
0000
0000
0000
0000
0000
0000
0000
0000
0000
0000
0000
0000
0000
0000
0000
0000
0000
0000
0000
0000
0000
0000
0000
0000
0000
0000
0000
0000
0000
0000
0000
0000
0000
0000
0000
0000
0000
0000
0000
0000
0000
0000
0000
0000
0000
0000
0000
0000
0000
0000
0000
0000
0000
0000
0000
0000
0000
0000
0000
0000
0000
0000
0000
0000
0000
0000
0000
0000
0000
0000
0000
0000
0000
0000
0000
0000
0000
0000
0000
0000
0000
0000
0000
0000
0000
0000
0000
0000
0000
0000
0000
0000
0000
0000
0000
0000
0000
0000
0000
0000
0000
0000
0000
0000
0000
0000
0000
0000
0000
0000
0000
0000
0000
0000
0000
0000
0000
0000
0000
0000
0000
0000
0000
0000
0000
0000
0000
0000
0000
0000
0000
0000
0000
0000
0000
0000
0000
0000
0000
0000
0000
0000
0000
0000
0000
0000
0000
0000
0000
0000
0000
0000
0000
0000
0000
0000
0000
0000
0000
0000
0000
0000
0000
0000
0000
0000
0000
0000
0000
0000
0000
0000
0000
0000
0000
0000
0000
0000
0000
0000
0000
0000
0000
0000
0000
0000
0000
0000
0000
0000
0000
